0714
714
714
714
714
714
714
714
714
714
714
714
714
714
714
714
714
714
714
714
714
714
714
714
714
714
714
714
714
714
714
714
714
714
714
714
714
714
714
714
714
714
714
714
714
714
714
714
714
714
714
714
714
714
714
714
714
714
714
714
714
714
714
714
714
714
714
714
714
714
714
714
714
714
714
714
714
714
714
714
714
714
714
714
714
714
714
714
714
714
714
714
714
714
714
714
714
714
714
714
714
714
714
714
714
331
219
162
162
162
162
162
162
162
162
162
162
162
162
162
162
162
162
162
162
162
162
162
162
162
162
162
162
162
162
162
162
162
162
162
162
162
162
162
162
162
162
162
162
162
162
162
162
162
162
162
162
162
162
162
162
162
162
162
162
162
162
162
162
162
162
162
162
162
162
162
162
162
162
162
162
